1 113 9003534 9002442 113 112 113 112 112 
2 113 9003534 9002442 113 112 113 112 112 
3 113 9003534 9002442 113 112 113 112 112 
4 113 9003534 9002443 113 112 113 112 112 
5 113 9003534 9002443 113 112 113 112 112 
6 113 9003535 9002443 113 112 113 112 112 
7 113 9003534 9002443 113 112 113 112 112 
8 113 9003534 9002443 113 112 113 112 112 
9 113 9003535 9002444 113 112 113 112 112 
10 113 9003534 9002443 113 112 113 112 112 
11 113 9003535 9002444 113 112 113 112 112 
12 113 9003534 9002444 113 112 113 112 112 
13 113 9003535 9002444 113 112 113 112 112 
14 113 9003535 9002445 113 112 113 112 112 
15 113 9003535 9002445 113 112 113 112 112 
16 113 9003535 9002445 113 112 113 112 112 
17 113 9003536 9002445 113 112 113 112 112 
18 113 9003536 9002445 113 112 113 112 112 
19 113 9003535 9002445 113 112 113 112 112 
20 113 9003535 9002446 113 112 113 112 112 
21 113 9003535 9002445 113 112 113 112 112 
22 113 9003536 9002446 113 112 113 112 112 
23 113 9003536 9002446 113 112 113 112 112 
24 113 9003535 9002446 113 112 113 112 112 
25 113 9003536 9002446 113 112 113 112 112 
26 113 9003535 9002447 113 112 113 112 112 
27 113 9003536 9002446 113 112 113 112 112 
28 113 9003536 9002447 113 112 113 112 112 
29 113 9003535 9002447 113 112 113 112 112 
30 113 9003536 9002447 113 112 113 112 112 
31 113 9003536 9002447 113 112 113 112 112 
32 113 9003536 9002448 113 112 113 112 112 
33 113 9003536 9002447 113 112 113 112 112 
34 113 9003536 9002448 113 112 113 112 112 
35 113 9003536 9002448 113 112 113 112 112 
36 113 9003536 9002448 113 112 113 112 112 
37 113 9003536 9002449 113 112 113 112 112 
38 113 9003537 9002448 113 112 113 112 112 
39 113 9003536 9002448 113 112 113 112 112 
40 113 9003537 9002449 113 112 113 112 112 
41 113 9003537 9002448 113 112 113 112 112 
42 113 9003537 9002449 113 112 113 112 112 
43 113 9003537 9002449 113 112 113 112 112 
44 113 9003537 9002449 113 112 113 112 112 
45 113 9003537 9002449 113 112 113 112 112 
46 113 9003537 9002450 113 112 113 112 112 
47 113 9003537 9002449 113 112 113 112 112 
48 113 9003537 9002450 113 112 113 112 112 
49 113 9003537 9002450 113 112 113 112 112 
50 113 9003537 9002449 113 112 113 112 112 
51 113 9003537 9002450 113 112 113 112 112 
52 113 9003538 9002451 113 112 113 112 112 
53 113 9003538 9002451 113 112 113 112 112 
54 113 9003537 9002450 113 112 113 112 112 
55 113 9003537 9002451 113 112 113 112 112 
56 113 9003538 9002451 113 112 113 112 112 
57 113 9003537 9002451 113 112 113 112 112 
58 113 9003538 9002451 113 112 113 112 112 
59 113 9003538 9002451 113 112 113 112 112 
60 113 9003538 9002452 113 112 113 112 112 
61 113 9003537 9002452 113 112 113 112 112 
62 113 9003538 9002451 113 112 113 112 112 
63 113 9003538 9002451 113 112 113 112 112 
64 113 9003538 9002452 113 112 113 112 112 
65 113 9003538 9002451 113 112 113 112 112 
66 113 9003538 9002452 113 112 113 112 112 
67 113 9003538 9002452 113 112 113 112 112 
68 113 9003538 9002452 113 112 113 112 112 
69 113 9003539 9002452 113 112 113 112 112 
70 113 9003539 9002452 113 112 113 112 112 
71 113 9003538 9002452 113 112 113 112 112 
72 113 9003538 9002452 113 112 113 112 112 
73 113 9003538 9002453 113 112 113 112 112 
74 113 9003539 9002453 113 112 113 112 112 
75 113 9003538 9002453 113 112 113 112 112 
76 113 9003539 9002452 113 112 113 112 112 
77 113 9003538 9002453 113 112 113 112 112 
78 113 9003539 9002453 113 112 113 112 112 
79 113 9003539 9002453 113 112 113 112 112 
80 113 9003538 9002453 113 112 113 112 112 
81 113 9003539 9002453 113 112 113 112 112 
82 113 9003539 9002453 113 112 113 112 112 
83 113 9003538 9002453 113 112 113 112 112 
84 113 9003539 9002454 113 112 113 112 112 
85 113 9003539 9002453 113 112 113 112 112 
86 113 9003539 9002454 113 112 113 112 112 
87 113 9003539 9002453 113 112 113 112 112 
88 113 9003539 9002454 113 112 113 112 112 
89 113 9003539 9002454 113 112 113 112 112 
90 113 9003539 9002454 113 112 113 112 112 
91 113 9003540 9002454 113 112 113 112 112 
92 113 9003539 9002455 113 112 113 112 112 
93 113 9003539 9002455 113 112 113 112 112 
94 113 9003540 9002454 113 112 113 112 112 
95 113 9003540 9002454 113 112 113 112 112 
96 113 9003539 9002454 113 112 113 112 112 
97 113 9003540 9002455 113 112 113 112 112 
98 113 9003539 9002454 113 112 113 112 112 
99 113 9003540 9002455 113 112 113 112 112 
100 113 9003540 9002455 113 112 113 112 112 
101 113 9003539 9002454 113 112 113 112 112 
102 113 9003540 9002455 113 112 113 112 112 
103 113 9003540 9002455 113 112 113 112 112 
104 113 9003540 9002455 113 112 113 112 112 
105 113 9003540 9002455 113 112 113 112 112 
106 113 9003540 9002455 113 112 113 112 112 
107 113 9003541 9002455 113 112 113 112 112 
108 113 9003541 9002456 113 112 113 112 112 
109 113 9003541 9002455 113 112 113 112 112 
110 113 9003541 9002455 113 112 113 112 112 
111 113 9003540 9002456 113 112 113 112 112 
112 113 9003540 9002455 113 112 113 112 112 
113 113 9003540 9002456 113 112 113 112 112 
114 113 9003540 9002455 113 112 113 112 112 
115 113 9003541 9002456 113 112 113 112 112 
116 113 9003540 9002456 113 112 113 112 112 
117 113 9003541 9002456 113 112 113 112 112 
118 113 9003541 9002456 113 112 113 112 112 
119 113 9003540 9002456 113 112 113 112 112 
120 113 9003541 9002456 113 112 113 112 112 
121 113 9003541 9002456 113 112 113 112 112 
122 113 9003541 9002456 113 112 113 112 112 
123 113 9003541 9002456 113 112 113 112 112 
124 113 9003541 9002456 113 112 113 112 112 
125 113 9003541 9002457 113 112 113 112 112 
126 113 9003541 9002456 113 112 113 112 112 
127 113 9003541 9002457 113 112 113 112 112 
128 113 9003541 9002457 113 112 113 112 112 
129 113 9003541 9002457 113 112 113 112 112 
130 113 9003541 9002456 113 112 113 112 112 
131 113 9003541 9002457 113 112 113 112 112 
132 113 9003541 9002457 113 112 113 112 112 
133 113 9003541 9002457 113 112 113 112 112 
134 113 9003542 9002457 113 112 113 112 112 
135 113 9003541 9002457 113 112 113 112 112 
136 113 9003541 9002457 113 112 113 112 112 
137 113 9003542 9002457 113 112 113 112 112 
138 113 9003542 9002457 113 112 113 112 112 
139 113 9003541 9002457 113 112 113 112 112 
140 113 9003542 9002457 113 112 113 112 112 
141 113 9003541 9002458 113 112 113 112 112 
142 113 9003542 9002458 113 112 113 112 112 
143 113 9003541 9002457 113 112 113 112 112 
144 113 9003542 9002458 113 112 113 112 112 
145 113 9003542 9002457 113 112 113 112 112 
146 113 9003541 9002458 113 112 113 112 112 
147 113 9003542 9002457 113 112 113 112 112 
148 113 9003542 9002458 113 112 113 112 112 
149 113 9003542 9002458 113 112 113 112 112 
150 113 9003542 9002457 113 112 113 112 112 
151 113 9003542 9002458 113 112 113 112 112 
152 113 9003542 9002458 113 112 113 112 112 
153 113 9003542 9002458 113 112 113 112 112 
154 113 9003542 9002458 113 112 113 112 112 
155 113 9003543 9002458 113 112 113 112 112 
156 113 9003543 9002458 113 112 113 112 112 
157 113 9003542 9002458 113 112 113 112 112 
158 113 9003542 9002458 113 112 113 112 112 
159 113 9003542 9002458 113 112 113 112 112 
160 113 9003543 9002458 113 112 113 112 112 
161 113 9003543 9002459 113 112 113 112 112 
162 113 9003542 9002458 113 112 113 112 112 
163 113 9003543 9002458 113 112 113 112 112 
164 113 9003542 9002459 113 112 113 112 112 
165 113 9003543 9002458 113 112 113 112 112 
166 113 9003543 9002459 113 112 113 112 112 
167 113 9003543 9002458 113 112 113 112 112 
168 113 9003542 9002459 113 112 113 112 112 
169 113 9003543 9002458 113 112 113 112 112 
170 113 9003543 9002459 113 112 113 112 112 
171 113 9003542 9002459 113 112 113 112 112 
172 113 9003543 9002459 113 112 113 112 112 
173 113 9003543 9002459 113 112 113 112 112 
174 113 9003543 9002459 113 112 113 112 112 
175 113 9003543 9002459 113 112 113 112 112 
176 113 9003543 9002459 113 112 113 112 112 
177 113 9003543 9002459 113 112 113 112 112 
178 113 9003544 9002459 113 112 113 112 112 
179 113 9003543 9002459 113 112 113 112 112 
180 113 9003543 9002459 113 112 113 112 112 
181 113 9003543 9002459 113 112 113 112 112 
182 113 9003543 9002460 113 112 113 112 112 
183 113 9003543 9002460 113 112 113 112 112 
184 113 9003544 9002459 113 112 113 112 112 
185 113 9003543 9002459 113 112 113 112 112 
186 113 9003543 9002460 113 112 113 112 112 
187 113 9003544 9002459 113 112 113 112 112 
188 113 9003543 9002460 113 112 113 112 112 
189 113 9003544 9002460 113 112 113 112 112 
190 113 9003544 9002460 113 112 113 112 112 
191 113 9003544 9002460 113 112 113 112 112 
192 113 9003543 9002460 113 112 113 112 112 
193 113 9003544 9002459 113 112 113 112 112 
194 113 9003544 9002460 113 112 113 112 112 
195 113 9003544 9002460 113 112 113 112 112 
196 113 9003544 9002460 113 112 113 112 112 
197 113 9003544 9002459 113 112 113 112 112 
198 113 9003544 9002460 113 112 113 112 112 
199 113 9003544 9002460 113 112 113 112 112 
200 113 9003544 9002460 113 112 113 112 112 
201 113 9003544 9002460 113 112 113 112 112 
202 113 9003544 9002460 113 112 113 112 112 
203 113 9003544 9002460 113 112 113 112 112 
204 113 9003545 9002460 113 112 113 112 112 
205 113 9003545 9002460 113 112 113 112 112 
206 113 9003544 9002460 113 112 113 112 112 
207 113 9003544 9002461 113 112 113 112 112 
208 113 9003544 9002460 113 112 113 112 112 
209 113 9003544 9002460 113 112 113 112 112 
210 113 9003545 9002460 113 112 113 112 112 
211 113 9003545 9002461 113 112 113 112 112 
212 113 9003544 9002460 113 112 113 112 112 
213 113 9003545 9002460 113 112 113 112 112 
214 113 9003544 9002461 113 112 113 112 112 
215 113 9003545 9002460 113 112 113 112 112 
216 113 9003545 9002461 113 112 113 112 112 
217 113 9003545 9002460 113 112 113 112 112 
218 113 9003545 9002461 113 112 113 112 112 
219 113 9003545 9002460 113 112 113 112 112 
220 113 9003544 9002461 113 112 113 112 112 
221 113 9003545 9002460 113 112 113 112 112 
222 113 9003545 9002461 113 112 113 112 112 
223 113 9003544 9002461 113 112 113 112 112 
224 113 9003545 9002461 113 112 113 112 112 
225 113 9003545 9002461 113 112 113 112 112 
226 113 9003545 9002461 113 112 113 112 112 
227 113 9003545 9002461 113 112 113 112 112 
228 113 9003545 9002461 113 112 113 112 112 
229 113 9003545 9002461 113 112 113 112 112 
230 113 9003545 9002461 113 112 113 112 112 
231 113 9003545 9002461 113 112 113 112 112 
232 113 9003545 9002462 113 112 113 112 112 
233 113 9003545 9002462 113 112 113 112 112 
234 113 9003545 9002462 113 112 113 112 112 
235 113 9003545 9002461 113 112 113 112 112 
236 113 9003545 9002461 113 112 113 112 112 
237 113 9003546 9002461 113 112 113 112 112 
238 113 9003545 9002461 113 112 113 112 112 
239 113 9003545 9002461 113 112 113 112 112 
240 113 9003546 9002462 113 112 113 112 112 
241 113 9003545 9002461 113 112 113 112 112 
242 113 9003546 9002461 113 112 113 112 112 
243 113 9003546 9002462 113 112 113 112 112 
244 113 9003545 9002461 113 112 113 112 112 
245 113 9003546 9002461 113 112 113 112 112 
246 113 9003546 9002462 113 112 113 112 112 
247 113 9003546 9002461 113 112 113 112 112 
248 113 9003546 9002462 113 112 113 112 112 
249 113 9003545 9002461 113 112 113 112 112 
250 113 9003546 9002462 113 112 113 112 112 
251 113 9003546 9002461 113 112 113 112 112 
252 113 9003546 9002462 113 112 113 112 112 
253 113 9003545 9002461 113 112 113 112 112 
254 113 9003546 9002462 113 112 113 112 112 
255 113 9003546 9002462 113 112 113 112 112 
256 113 9003546 9002462 113 112 113 112 112 
257 113 9003546 9002462 113 112 113 112 112 
258 113 9003546 9002462 113 112 113 112 112 
259 113 9003546 9002462 113 112 113 112 112 
260 113 9003546 9002462 113 112 113 112 112 
261 113 9003546 9002462 113 112 113 112 112 
262 113 9003546 9002462 113 112 113 112 112 
263 113 9003546 9002462 113 112 113 112 112 
264 113 9003546 9002462 113 112 113 112 112 
265 113 9003547 9002462 113 112 113 112 112 
266 113 9003546 9002462 113 112 113 112 112 
267 113 9003546 9002462 113 112 113 112 112 
268 113 9003547 9002462 113 112 113 112 112 
269 113 9003547 9002463 113 112 113 112 112 
270 113 9003546 9002463 113 112 113 112 112 
271 113 9003547 9002462 113 112 113 112 112 
272 113 9003546 9002462 113 112 113 112 112 
273 113 9003547 9002462 113 112 113 112 112 
274 113 9003546 9002463 113 112 113 112 112 
275 113 9003547 9002463 113 112 113 112 112 
276 113 9003546 9002462 113 112 113 112 112 
277 113 9003547 9002462 113 112 113 112 112 
278 113 9003547 9002463 113 112 113 112 112 
279 113 9003546 9002462 113 112 113 112 112 
280 113 9003547 9002463 113 112 113 112 112 
281 113 9003547 9002463 113 112 113 112 112 
282 113 9003547 9002462 113 112 113 112 112 
283 113 9003547 9002463 113 112 113 112 112 
284 113 9003547 9002463 113 112 113 112 112 
285 113 9003547 9002463 113 112 113 112 112 
286 113 9003547 9002463 113 112 113 112 112 
287 113 9003547 9002462 113 112 113 112 112 
288 113 9003547 9002463 113 112 113 112 112 
289 113 9003547 9002462 113 112 113 112 112 
290 113 9003547 9002463 113 112 113 112 112 
291 113 9003547 9002463 113 112 113 112 112 
292 113 9003547 9002463 113 112 113 112 112 
293 113 9003547 9002463 113 112 113 112 112 
294 113 9003548 9002463 113 112 113 112 112 
295 113 9003547 9002463 113 112 113 112 112 
296 113 9003547 9002463 113 112 113 112 112 
297 113 9003547 9002463 113 112 113 112 112 
298 113 9003548 9002463 113 112 113 112 112 
299 113 9003547 9002463 113 112 113 112 112 
300 113 9003547 9002463 113 112 113 112 112 
301 113 9003548 9002463 113 112 113 112 112 
302 113 9003547 9002463 113 112 113 112 112 
303 113 9003548 9002463 113 112 113 112 112 
304 113 9003548 9002463 113 112 113 112 112 
305 113 9003547 9002463 113 112 113 112 112 
306 113 9003548 9002463 113 112 113 112 112 
307 113 9003548 9002463 113 112 113 112 112 
308 113 9003548 9002463 113 112 113 112 112 
309 113 9003548 9002464 113 112 113 112 112 
310 113 9003547 9002463 113 112 113 112 112 
